1559725634.821000099
1559725634.913000107
1559725635.009000063
1559725635.101000071
1559725635.224999905
1559725635.316999912
1559725635.408999920
1559725635.500999928
1559725635.596999884
1559725635.717000008
1559725635.812999964
1559725635.904999971
1559725635.996999979
1559725636.121000051
1559725636.213000059
1559725636.305000067
1559725636.401000023
1559725636.525000095
1559725636.617000103
1559725636.709000111
1559725636.801000118
1559725636.924999952
1559725637.016999960
1559725637.112999916
1559725637.204999924
1559725637.296999931
1559725637.421000004
1559725637.513000011
1559725637.605000019
1559725637.729000092
1559725637.821000099
1559725637.917000055
1559725638.009000063
1559725638.101000071
1559725638.224999905
1559725638.316999912
1559725638.408999920
1559725638.505000114
1559725638.596999884
1559725638.720999956
1559725638.812999964
1559725638.904999971
1559725639.029000044
1559725639.121000051
1559725639.213000059
1559725639.309000015
1559725639.401000023
1559725639.525000095
1559725639.617000103
1559725639.709000111
1559725639.801000118
1559725639.897000074
1559725640.020999908
1559725640.112999916
1559725640.204999924
1559725640.296999931
1559725640.421000004
1559725640.513000011
1559725640.605000019
1559725640.700999975
1559725640.825000048
1559725640.917000055
1559725641.009000063
1559725641.101000071
1559725641.224999905
1559725641.316999912
1559725641.413000107
1559725641.505000114
1559725641.596999884
1559725641.720999956
1559725641.812999964
1559725641.904999971
1559725641.996999979
1559725642.121000051
1559725642.217000008
1559725642.309000015
1559725642.401000023
1559725642.525000095
1559725642.617000103
1559725642.709000111
1559725642.805000067
1559725642.897000074
1559725643.020999908
1559725643.112999916
1559725643.204999924
1559725643.296999931
1559725643.421000004
1559725643.513000011
1559725643.608999968
1559725643.700999975
1559725643.825000048
1559725643.917000055
1559725644.009000063
1559725644.101000071
1559725644.224999905
1559725644.321000099
1559725644.413000107
1559725644.505000114
1559725644.628999949
1559725644.720999956
1559725644.812999964
1559725644.904999971
1559725645.000999928
1559725645.125000000
1559725645.217000008
1559725645.309000015
1559725645.401000023
1559725645.525000095
1559725645.617000103
1559725645.713000059
1559725645.805000067
1559725645.928999901
1559725646.020999908
1559725646.112999916
1559725646.204999924
1559725646.301000118
1559725646.421000004
1559725646.516999960
1559725646.608999968
1559725646.700999975
1559725646.825000048
1559725646.917000055
1559725647.009000063
1559725647.105000019
1559725647.197000027
1559725647.321000099
1559725647.413000107
1559725647.505000114
1559725647.628999949
1559725647.720999956
1559725647.812999964
1559725647.908999920
1559725648.000999928
1559725648.125000000
1559725648.217000008
1559725648.309000015
1559725648.401000023
1559725648.496999979
1559725648.621000051
1559725648.713000059
1559725648.805000067
1559725648.897000074
1559725649.020999908
1559725649.112999916
1559725649.209000111
1559725649.301000118
1559725649.424999952
1559725649.516999960
1559725649.608999968
1559725649.700999975
1559725649.825000048
1559725649.917000055
1559725650.013000011
1559725650.105000019
1559725650.197000027
1559725650.321000099
1559725650.413000107
1559725650.505000114
1559725650.601000071
1559725650.720999956
1559725650.816999912
1559725650.908999920
1559725651.000999928
1559725651.125000000
1559725651.217000008
1559725651.309000015
1559725651.404999971
1559725651.496999979
1559725651.621000051
1559725651.713000059
1559725651.805000067
1559725651.897000074
1559725652.020999908
1559725652.117000103
1559725652.209000111
1559725652.301000118
1559725652.424999952
1559725652.516999960
1559725652.608999968
1559725652.700999975
1559725652.796999931
1559725652.921000004
1559725653.013000011
1559725653.105000019
1559725653.197000027
1559725653.321000099
1559725653.413000107
1559725653.509000063
1559725653.601000071
1559725653.724999905
1559725653.816999912
1559725653.908999920
1559725654.000999928
1559725654.125000000
1559725654.217000008
1559725654.312999964
1559725654.404999971
1559725654.496999979
1559725654.621000051
1559725654.713000059
1559725654.805000067
1559725654.901000023
1559725655.025000095
1559725655.117000103
1559725655.209000111
1559725655.301000118
1559725655.424999952
1559725655.516999960
1559725655.608999968
1559725655.704999924
1559725655.796999931
1559725655.921000004
1559725656.013000011
1559725656.105000019
1559725656.197000027
1559725656.321000099
1559725656.417000055
1559725656.509000063
1559725656.601000071
1559725656.724999905
1559725656.816999912
1559725656.908999920
1559725657.000999928
1559725657.125000000
1559725657.220999956
1559725657.312999964
1559725657.404999971
1559725657.496999979
1559725657.621000051
1559725657.713000059
1559725657.809000015
1559725657.901000023
1559725658.025000095
1559725658.117000103
1559725658.209000111
1559725658.301000118
1559725658.397000074
1559725658.516999960
1559725658.612999916
1559725658.704999924
1559725658.796999931
1559725658.921000004
1559725659.013000011
1559725659.105000019
1559725659.200999975
1559725659.325000048
1559725659.417000055
1559725659.509000063
1559725659.601000071
1559725659.724999905
1559725659.816999912
1559725659.908999920
1559725660.005000114
1559725660.096999884
1559725660.220999956
1559725660.312999964
1559725660.404999971
1559725660.496999979
1559725660.621000051
1559725660.717000008
1559725660.809000015
1559725660.901000023
1559725661.025000095
1559725661.117000103
1559725661.209000111
1559725661.305000067
1559725661.397000074
1559725661.520999908
1559725661.612999916
1559725661.704999924
1559725661.796999931
1559725661.921000004
1559725662.013000011
1559725662.108999968
1559725662.200999975
1559725662.325000048
1559725662.417000055
1559725662.509000063
1559725662.601000071
1559725662.697000027
1559725662.816999912
1559725662.913000107
1559725663.005000114
1559725663.096999884
1559725663.220999956
1559725663.312999964
1559725663.404999971
1559725663.500999928
1559725663.625000000
1559725663.717000008
1559725663.809000015
1559725663.901000023
1559725664.025000095
1559725664.117000103
1559725664.213000059
1559725664.305000067
1559725664.397000074
1559725664.520999908
1559725664.612999916
1559725664.704999924
1559725664.796999931
1559725664.921000004
1559725665.016999960
1559725665.108999968
1559725665.200999975
1559725665.325000048
1559725665.417000055
1559725665.509000063
1559725665.605000019
1559725665.697000027
1559725665.821000099
1559725665.913000107
1559725666.005000114
1559725666.096999884
1559725666.220999956
1559725666.312999964
1559725666.408999920
1559725666.500999928
1559725666.625000000
1559725666.717000008
1559725666.809000015
1559725666.901000023
1559725666.996999979
1559725667.121000051
1559725667.213000059
1559725667.305000067
1559725667.397000074
1559725667.520999908
1559725667.612999916
1559725667.704999924
1559725667.801000118
1559725667.924999952
1559725668.016999960
1559725668.108999968
1559725668.200999975
1559725668.325000048
1559725668.417000055
1559725668.513000011
1559725668.605000019
1559725668.697000027
1559725668.821000099
1559725668.913000107
1559725669.005000114
1559725669.096999884
1559725669.220999956
1559725669.316999912
1559725669.408999920
1559725669.500999928
1559725669.625000000
1559725669.717000008
1559725669.809000015
1559725669.904999971
1559725669.996999979
1559725670.121000051
1559725670.213000059
1559725670.305000067
1559725670.397000074
1559725670.520999908
1559725670.612999916
1559725670.709000111
1559725670.801000118
1559725670.924999952
1559725671.016999960
1559725671.108999968
1559725671.200999975
1559725671.296999931
1559725671.421000004
1559725671.513000011
1559725671.605000019
1559725671.697000027
1559725671.821000099
1559725671.913000107
1559725672.005000114
1559725672.101000071
1559725672.224999905
1559725672.316999912
1559725672.408999920
1559725672.500999928
1559725672.625000000
1559725672.717000008
1559725672.812999964
1559725672.904999971
1559725672.996999979
1559725673.121000051
1559725673.213000059
1559725673.305000067
1559725673.401000023
1559725673.520999908
1559725673.617000103
1559725673.709000111
1559725673.801000118
1559725673.924999952
1559725674.016999960
1559725674.108999968
1559725674.204999924
1559725674.296999931
1559725674.421000004
1559725674.513000011
1559725674.605000019
1559725674.697000027
1559725674.821000099
1559725674.913000107
1559725675.009000063
1559725675.101000071
1559725675.224999905
1559725675.316999912
1559725675.408999920
1559725675.500999928
1559725675.596999884
1559725675.720999956
1559725675.812999964
1559725675.904999971
1559725675.996999979
1559725676.121000051
1559725676.213000059
1559725676.309000015
1559725676.401000023
1559725676.525000095
1559725676.617000103
1559725676.709000111
1559725676.801000118
1559725676.924999952
1559725677.016999960
1559725677.112999916
1559725677.204999924
1559725677.296999931
1559725677.421000004
1559725677.513000011
1559725677.605000019
1559725677.700999975
1559725677.821000099
1559725677.917000055
1559725678.009000063
1559725678.101000071
1559725678.224999905
1559725678.316999912
1559725678.408999920
1559725678.505000114
1559725678.596999884
1559725678.720999956
1559725678.812999964
1559725678.904999971
1559725678.996999979
1559725679.121000051
1559725679.217000008
1559725679.309000015
1559725679.401000023
1559725679.525000095
1559725679.617000103
1559725679.709000111
1559725679.801000118
1559725679.897000074
1559725680.020999908
1559725680.112999916
1559725680.204999924
1559725680.296999931
1559725680.421000004
1559725680.513000011
1559725680.608999968
1559725680.700999975
1559725680.825000048
1559725680.917000055
1559725681.009000063
1559725681.101000071
1559725681.224999905
1559725681.316999912
1559725681.413000107
1559725681.505000114
1559725681.596999884
1559725681.720999956
1559725681.812999964
1559725681.904999971
1559725682.000999928
1559725682.125000000
1559725682.217000008
1559725682.309000015
1559725682.401000023
1559725682.525000095
1559725682.617000103
1559725682.709000111
1559725682.805000067
1559725682.897000074
1559725683.020999908
1559725683.112999916
1559725683.204999924
1559725683.296999931
1559725683.421000004
1559725683.516999960
1559725683.608999968
1559725683.700999975
1559725683.825000048
1559725683.917000055
1559725684.009000063
1559725684.101000071
1559725684.197000027
1559725684.321000099
1559725684.413000107
1559725684.505000114
1559725684.596999884
1559725684.720999956
1559725684.812999964
1559725684.908999920
1559725685.000999928
1559725685.125000000
1559725685.217000008
1559725685.309000015
1559725685.401000023
1559725685.496999979
1559725685.617000103
1559725685.713000059
1559725685.805000067
1559725685.897000074
1559725686.020999908
1559725686.112999916
1559725686.204999924
1559725686.301000118
1559725686.424999952
1559725686.516999960
1559725686.608999968
1559725686.700999975
1559725686.825000048
1559725686.917000055
1559725687.009000063
1559725687.105000019
1559725687.197000027
1559725687.321000099
1559725687.413000107
1559725687.505000114
1559725687.628999949
1559725687.720999956
1559725687.816999912
1559725687.908999920
1559725688.000999928
1559725688.125000000
1559725688.217000008
1559725688.309000015
1559725688.404999971
1559725688.496999979
1559725688.621000051
1559725688.713000059
1559725688.805000067
1559725688.897000074
1559725689.020999908
1559725689.112999916
1559725689.209000111
1559725689.301000118
1559725689.424999952
1559725689.516999960
1559725689.608999968
1559725689.700999975
1559725689.796999931
1559725689.917000055
1559725690.013000011
1559725690.105000019
1559725690.197000027
1559725690.321000099
1559725690.413000107
1559725690.505000114
1559725690.601000071
1559725690.724999905
1559725690.816999912
1559725690.908999920
1559725691.000999928
1559725691.125000000
1559725691.217000008
1559725691.312999964
1559725691.404999971
1559725691.496999979
1559725691.621000051
1559725691.713000059
1559725691.805000067
1559725691.897000074
1559725692.020999908
1559725692.117000103
1559725692.209000111
1559725692.301000118
1559725692.424999952
1559725692.516999960
1559725692.608999968
1559725692.704999924
1559725692.796999931
1559725692.921000004
1559725693.013000011
1559725693.105000019
1559725693.197000027
1559725693.321000099
1559725693.413000107
1559725693.509000063
1559725693.601000071
1559725693.724999905
1559725693.816999912
1559725693.908999920
1559725694.000999928
1559725694.096999884
1559725694.220999956
1559725694.312999964
1559725694.404999971
1559725694.496999979
1559725694.621000051
1559725694.713000059
1559725694.805000067
1559725694.901000023
1559725695.025000095
1559725695.117000103
1559725695.209000111
1559725695.301000118
1559725695.424999952
1559725695.516999960
1559725695.612999916
1559725695.704999924
1559725695.796999931
1559725695.921000004
1559725696.013000011
1559725696.105000019
1559725696.197000027
1559725696.321000099
1559725696.417000055
1559725696.509000063
1559725696.601000071
1559725696.724999905
1559725696.816999912
1559725696.908999920
1559725697.005000114
1559725697.096999884
1559725697.220999956
1559725697.312999964
1559725697.404999971
1559725697.496999979
1559725697.621000051
1559725697.713000059
1559725697.809000015
1559725697.901000023
1559725698.025000095
1559725698.117000103
1559725698.209000111
1559725698.301000118
1559725698.397000074
1559725698.520999908
1559725698.612999916
1559725698.704999924
1559725698.796999931
1559725698.921000004
1559725699.013000011
1559725699.105000019
1559725699.200999975
1559725699.325000048
1559725699.417000055
1559725699.509000063
1559725699.601000071
1559725699.724999905
1559725699.816999912
1559725699.913000107
1559725700.005000114
1559725700.096999884
1559725700.220999956
1559725700.312999964
1559725700.404999971
1559725700.500999928
1559725700.621000051
1559725700.717000008
1559725700.809000015
1559725700.901000023
1559725701.025000095
1559725701.117000103
1559725701.209000111
1559725701.305000067
1559725701.397000074
1559725701.520999908
1559725701.612999916
1559725701.704999924
1559725701.796999931
1559725701.921000004
1559725702.013000011
1559725702.108999968
1559725702.200999975
1559725702.325000048
1559725702.417000055
1559725702.509000063
1559725702.601000071
1559725702.697000027
1559725702.821000099
1559725702.913000107
1559725703.005000114
1559725703.096999884
1559725703.220999956
1559725703.312999964
1559725703.408999920
1559725703.500999928
1559725703.625000000
1559725703.717000008
1559725703.809000015
1559725703.901000023
1559725704.025000095
1559725704.117000103
1559725704.213000059
1559725704.305000067
1559725704.428999901
1559725704.520999908
1559725704.612999916
1559725704.704999924
1559725704.801000118
1559725704.921000004
1559725705.016999960
1559725705.108999968
1559725705.200999975
1559725705.325000048
1559725705.417000055
1559725705.509000063
1559725705.605000019
1559725705.697000027
1559725705.821000099
1559725705.913000107
1559725706.005000114
1559725706.096999884
1559725706.220999956
1559725706.316999912
1559725706.408999920
1559725706.500999928
1559725706.625000000
1559725706.717000008
1559725706.809000015
1559725706.901000023
1559725707.025000095
1559725707.121000051
1559725707.213000059
1559725707.305000067
1559725707.397000074
1559725707.520999908
1559725707.612999916
1559725707.709000111
1559725707.801000118
1559725707.924999952
1559725708.016999960
1559725708.108999968
1559725708.200999975
1559725708.325000048
1559725708.417000055
1559725708.513000011
1559725708.605000019
1559725708.697000027
1559725708.821000099
1559725708.913000107
1559725709.005000114
1559725709.101000071
1559725709.224999905
1559725709.316999912
1559725709.408999920
1559725709.500999928
1559725709.625000000
1559725709.717000008
1559725709.809000015
1559725709.904999971
1559725709.996999979
1559725710.121000051
1559725710.213000059
1559725710.305000067
1559725710.428999901
1559725710.520999908
1559725710.617000103
1559725710.709000111
1559725710.801000118
1559725710.924999952
1559725711.016999960
1559725711.108999968
1559725711.200999975
1559725711.296999931
1559725711.421000004
1559725711.513000011
1559725711.605000019
1559725711.697000027
1559725711.821000099
1559725711.913000107
1559725712.009000063
1559725712.101000071
1559725712.224999905
1559725712.316999912
1559725712.408999920
1559725712.500999928
1559725712.596999884
1559725712.717000008
1559725712.812999964
1559725712.904999971
1559725712.996999979
1559725713.121000051
1559725713.213000059
1559725713.305000067
1559725713.401000023
1559725713.525000095
1559725713.617000103
1559725713.709000111
1559725713.801000118
1559725713.924999952
1559725714.016999960
1559725714.108999968
1559725714.204999924
1559725714.296999931
1559725714.421000004
1559725714.513000011
1559725714.605000019
1559725714.697000027
1559725714.821000099
1559725714.917000055
1559725715.009000063
1559725715.101000071
1559725715.224999905
1559725715.316999912
1559725715.408999920
1559725715.505000114
1559725715.596999884
1559725715.720999956
1559725715.812999964
1559725715.904999971
1559725715.996999979
1559725716.121000051
1559725716.213000059
1559725716.309000015
1559725716.401000023
1559725716.525000095
1559725716.617000103
1559725716.709000111
1559725716.801000118
1559725716.897000074
1559725717.016999960
1559725717.112999916
1559725717.204999924
1559725717.296999931
1559725717.421000004
1559725717.513000011
1559725717.605000019
1559725717.700999975
1559725717.825000048
1559725717.917000055
1559725718.009000063
1559725718.101000071
1559725718.224999905
1559725718.316999912
1559725718.413000107
1559725718.505000114
1559725718.596999884
1559725718.720999956
1559725718.812999964
1559725718.904999971
1559725718.996999979
1559725719.121000051
1559725719.217000008
1559725719.309000015
1559725719.401000023
1559725719.525000095
1559725719.617000103
1559725719.709000111
1559725719.805000067
1559725719.897000074
1559725720.020999908
1559725720.112999916
1559725720.204999924
1559725720.296999931
1559725720.421000004
1559725720.513000011
1559725720.608999968
1559725720.700999975
1559725720.825000048
1559725720.917000055
1559725721.009000063
1559725721.101000071
1559725721.197000027
1559725721.321000099
1559725721.413000107
1559725721.505000114
1559725721.596999884
1559725721.720999956
1559725721.812999964
1559725721.904999971
1559725722.000999928
1559725722.125000000
1559725722.217000008
1559725722.309000015
1559725722.401000023
1559725722.525000095
1559725722.617000103
1559725722.713000059
1559725722.805000067
1559725722.897000074
1559725723.020999908
1559725723.112999916
1559725723.204999924
1559725723.296999931
1559725723.421000004
1559725723.516999960
1559725723.608999968
1559725723.700999975
1559725723.825000048
1559725723.917000055
1559725724.009000063
1559725724.105000019
1559725724.197000027
1559725724.321000099
1559725724.413000107
1559725724.505000114
1559725724.596999884
1559725724.720999956
1559725724.812999964
1559725724.908999920
1559725725.000999928
1559725725.125000000
1559725725.217000008
1559725725.309000015
1559725725.401000023
1559725725.496999979
1559725725.621000051
1559725725.713000059
1559725725.805000067
1559725725.897000074
1559725726.020999908
1559725726.112999916
1559725726.204999924
1559725726.301000118
1559725726.424999952
1559725726.516999960
1559725726.608999968
1559725726.700999975
1559725726.825000048
1559725726.917000055
1559725727.013000011
1559725727.105000019
1559725727.197000027
1559725727.321000099
1559725727.413000107
1559725727.505000114
1559725727.601000071
1559725727.720999956
1559725727.816999912
1559725727.908999920
1559725728.000999928
1559725728.125000000
1559725728.217000008
1559725728.309000015
1559725728.404999971
1559725728.496999979
1559725728.621000051
1559725728.713000059
1559725728.805000067
1559725728.897000074
1559725729.020999908
1559725729.112999916
1559725729.209000111
1559725729.301000118
1559725729.424999952
1559725729.516999960
1559725729.608999968
1559725729.700999975
1559725729.825000048
1559725729.921000004
1559725730.013000011
1559725730.105000019
1559725730.197000027
1559725730.321000099
1559725730.413000107
1559725730.509000063
1559725730.601000071
1559725730.724999905
1559725730.816999912
1559725730.908999920
1559725731.000999928
1559725731.125000000
1559725731.217000008
1559725731.312999964
1559725731.404999971
1559725731.496999979
1559725731.621000051
1559725731.713000059
1559725731.805000067
1559725731.901000023
1559725732.020999908
1559725732.117000103
1559725732.209000111
1559725732.301000118
1559725732.424999952
1559725732.516999960
1559725732.608999968
1559725732.704999924
1559725732.796999931
1559725732.921000004
1559725733.013000011
1559725733.105000019
1559725733.197000027
1559725733.321000099
1559725733.417000055
1559725733.509000063
1559725733.601000071
1559725733.724999905
1559725733.816999912
1559725733.908999920
1559725734.000999928
1559725734.096999884
1559725734.220999956
1559725734.312999964
1559725734.404999971
1559725734.496999979
1559725734.621000051
1559725734.713000059
1559725734.809000015
1559725734.901000023
1559725735.025000095
1559725735.117000103
1559725735.209000111
1559725735.301000118
1559725735.397000074
1559725735.516999960
1559725735.612999916
1559725735.704999924
1559725735.796999931
1559725735.921000004
1559725736.013000011
1559725736.105000019
1559725736.200999975
1559725736.325000048
1559725736.417000055
1559725736.509000063
1559725736.601000071
1559725736.724999905
1559725736.816999912
1559725736.908999920
1559725737.005000114
1559725737.096999884
1559725737.220999956
1559725737.312999964
1559725737.404999971
1559725737.496999979
1559725737.621000051
1559725737.717000008
1559725737.809000015
1559725737.901000023
1559725738.025000095
1559725738.117000103
1559725738.209000111
1559725738.301000118
1559725738.397000074
1559725738.520999908
1559725738.612999916
1559725738.704999924
1559725738.796999931
1559725738.921000004
1559725739.013000011
1559725739.108999968
1559725739.200999975
1559725739.325000048
1559725739.417000055
1559725739.509000063
1559725739.601000071
1559725739.697000027
1559725739.816999912
1559725739.913000107
1559725740.005000114
1559725740.096999884
1559725740.220999956
1559725740.312999964
1559725740.404999971
1559725740.500999928
1559725740.625000000
1559725740.717000008
1559725740.809000015
1559725740.901000023
1559725741.025000095
1559725741.117000103
1559725741.209000111
1559725741.305000067
1559725741.397000074
1559725741.520999908
1559725741.612999916
1559725741.704999924
1559725741.796999931
1559725741.921000004
1559725742.016999960
1559725742.108999968
1559725742.200999975
1559725742.325000048
1559725742.417000055
1559725742.509000063
1559725742.605000019
1559725742.724999905
1559725742.821000099
1559725742.913000107
1559725743.005000114
1559725743.096999884
1559725743.220999956
1559725743.312999964
1559725743.408999920
1559725743.500999928
1559725743.625000000
1559725743.717000008
1559725743.809000015
1559725743.901000023
1559725743.996999979
1559725744.117000103
1559725744.213000059
1559725744.305000067
1559725744.397000074
1559725744.520999908
1559725744.612999916
1559725744.704999924
1559725744.801000118
1559725744.924999952
1559725745.016999960
1559725745.108999968
1559725745.200999975
1559725745.325000048
1559725745.417000055
1559725745.513000011
1559725745.605000019
1559725745.697000027
1559725745.821000099
1559725745.913000107
1559725746.005000114
1559725746.128999949
1559725746.220999956
1559725746.316999912
1559725746.408999920
1559725746.500999928
1559725746.625000000
1559725746.717000008
1559725746.809000015
1559725746.904999971
1559725746.996999979
1559725747.121000051
1559725747.213000059
1559725747.305000067
1559725747.397000074
1559725747.520999908
1559725747.612999916
1559725747.709000111
1559725747.801000118
1559725747.924999952
1559725748.016999960
1559725748.108999968
1559725748.200999975
1559725748.296999931
1559725748.421000004
1559725748.513000011
1559725748.605000019
1559725748.697000027
1559725748.821000099
1559725748.913000107
1559725749.005000114
1559725749.101000071
1559725749.224999905
1559725749.316999912
1559725749.408999920
1559725749.500999928
1559725749.625000000
1559725749.717000008
1559725749.812999964
1559725749.904999971
1559725749.996999979
1559725750.121000051
1559725750.213000059
1559725750.305000067
1559725750.401000023
1559725750.520999908
1559725750.617000103
1559725750.709000111
1559725750.801000118
1559725750.924999952
1559725751.016999960
1559725751.108999968
1559725751.204999924
1559725751.296999931
1559725751.421000004
1559725751.513000011
1559725751.605000019
1559725751.697000027
1559725751.821000099
1559725751.913000107
1559725752.009000063
1559725752.101000071
1559725752.224999905
1559725752.316999912
1559725752.408999920
1559725752.500999928
1559725752.596999884
1559725752.720999956
1559725752.812999964
1559725752.904999971
1559725752.996999979
1559725753.121000051
1559725753.213000059
1559725753.309000015
1559725753.401000023
1559725753.525000095
1559725753.617000103
1559725753.709000111
1559725753.801000118
1559725753.924999952
1559725754.016999960
1559725754.112999916
1559725754.204999924
1559725754.296999931
1559725754.421000004
1559725754.513000011
1559725754.605000019
1559725754.700999975
1559725754.821000099
1559725754.917000055
1559725755.009000063
1559725755.101000071
1559725755.224999905
1559725755.316999912
1559725755.408999920
1559725755.505000114
1559725755.596999884
1559725755.720999956
1559725755.812999964
1559725755.904999971
1559725755.996999979
1559725756.121000051
1559725756.213000059
1559725756.309000015
1559725756.401000023
1559725756.525000095
1559725756.617000103
1559725756.709000111
1559725756.801000118
1559725756.897000074
1559725757.020999908
1559725757.112999916
1559725757.204999924
1559725757.296999931
1559725757.421000004
1559725757.513000011
1559725757.608999968
1559725757.700999975
1559725757.825000048
1559725757.917000055
1559725758.009000063
1559725758.101000071
1559725758.224999905
1559725758.316999912
1559725758.413000107
1559725758.505000114
1559725758.596999884
1559725758.720999956
1559725758.812999964
1559725758.904999971
1559725759.000999928
1559725759.121000051
1559725759.217000008
1559725759.309000015
1559725759.401000023
1559725759.525000095
1559725759.617000103
1559725759.709000111
1559725759.805000067
1559725759.928999901
1559725760.020999908
1559725760.112999916
1559725760.204999924
1559725760.296999931
1559725760.421000004
1559725760.516999960
1559725760.608999968
1559725760.700999975
1559725760.825000048
1559725760.917000055
1559725761.009000063
1559725761.101000071
1559725761.197000027
1559725761.321000099
1559725761.413000107
1559725761.505000114
1559725761.596999884
1559725761.720999956
1559725761.812999964
1559725761.908999920
1559725762.000999928
1559725762.125000000
1559725762.217000008
1559725762.309000015
1559725762.401000023
1559725762.496999979
1559725762.617000103
1559725762.713000059
1559725762.805000067
1559725762.897000074
1559725763.020999908
1559725763.112999916
1559725763.204999924
1559725763.301000118
1559725763.424999952
1559725763.516999960
1559725763.608999968
1559725763.700999975
1559725763.825000048
1559725763.917000055
1559725764.009000063
1559725764.105000019
1559725764.197000027
1559725764.321000099
1559725764.413000107
1559725764.505000114
1559725764.596999884
1559725764.720999956
1559725764.816999912
1559725764.908999920
1559725765.000999928
1559725765.125000000
1559725765.217000008
1559725765.309000015
1559725765.404999971
1559725765.496999979
1559725765.621000051
1559725765.713000059
1559725765.805000067
1559725765.897000074
1559725766.020999908
1559725766.112999916
1559725766.209000111
1559725766.301000118
1559725766.424999952
1559725766.516999960
1559725766.608999968
1559725766.700999975
1559725766.825000048
1559725766.917000055
1559725767.013000011
1559725767.105000019
1559725767.197000027
1559725767.321000099
1559725767.413000107
1559725767.505000114
1559725767.601000071
1559725767.724999905
1559725767.816999912
1559725767.908999920
1559725768.000999928
1559725768.125000000
1559725768.217000008
1559725768.312999964
1559725768.404999971
1559725768.496999979
1559725768.621000051
1559725768.713000059
1559725768.805000067
1559725768.897000074
1559725769.020999908
1559725769.117000103
1559725769.209000111
1559725769.301000118
1559725769.424999952
1559725769.516999960
1559725769.608999968
1559725769.704999924
1559725769.796999931
1559725769.921000004
1559725770.013000011
1559725770.105000019
1559725770.197000027
1559725770.321000099
1559725770.413000107
1559725770.509000063
1559725770.601000071
1559725770.724999905
1559725770.816999912
1559725770.908999920
1559725771.000999928
1559725771.096999884
1559725771.220999956
1559725771.312999964
1559725771.404999971
1559725771.496999979
1559725771.621000051
1559725771.713000059
1559725771.805000067
1559725771.901000023
1559725772.025000095
1559725772.117000103
1559725772.209000111
1559725772.301000118
1559725772.424999952
1559725772.516999960
1559725772.612999916
1559725772.704999924
1559725772.796999931
1559725772.921000004
1559725773.013000011
1559725773.105000019
1559725773.197000027
1559725773.321000099
1559725773.417000055
1559725773.509000063
1559725773.601000071
1559725773.724999905
1559725773.816999912
1559725773.908999920
1559725774.005000114
1559725774.096999884
1559725774.220999956
1559725774.312999964
1559725774.404999971
1559725774.496999979
1559725774.621000051
1559725774.713000059
1559725774.809000015
1559725774.901000023
1559725775.025000095
1559725775.117000103
1559725775.209000111
1559725775.301000118
1559725775.397000074
1559725775.520999908
1559725775.612999916
1559725775.704999924
1559725775.796999931
1559725775.921000004
1559725776.013000011
1559725776.105000019
1559725776.200999975
1559725776.325000048
1559725776.417000055
1559725776.509000063
1559725776.601000071
1559725776.724999905
1559725776.816999912
1559725776.913000107
1559725777.005000114
1559725777.096999884
1559725777.220999956
1559725777.312999964
1559725777.404999971
1559725777.500999928
1559725777.621000051
1559725777.717000008
1559725777.809000015
1559725777.901000023
1559725778.025000095
1559725778.117000103
1559725778.209000111
1559725778.305000067
1559725778.397000074
1559725778.520999908
1559725778.612999916
1559725778.704999924
1559725778.796999931
1559725778.921000004
1559725779.013000011
1559725779.108999968
1559725779.200999975
1559725779.325000048
1559725779.417000055
1559725779.509000063
1559725779.601000071
1559725779.697000027
1559725779.821000099
1559725779.913000107
1559725780.005000114
1559725780.096999884
1559725780.220999956
1559725780.312999964
1559725780.408999920
1559725780.500999928
1559725780.625000000
1559725780.717000008
1559725780.809000015
1559725780.901000023
1559725781.025000095
1559725781.117000103
1559725781.213000059
1559725781.305000067
1559725781.397000074
1559725781.520999908
1559725781.612999916
1559725781.704999924
1559725781.801000118
1559725781.921000004
1559725782.016999960
1559725782.108999968
1559725782.200999975
1559725782.325000048
1559725782.417000055
1559725782.509000063
1559725782.605000019
1559725782.697000027
1559725782.821000099
1559725782.913000107
1559725783.005000114
1559725783.096999884
1559725783.220999956
1559725783.316999912
1559725783.408999920
1559725783.500999928
1559725783.625000000
1559725783.717000008
1559725783.809000015
1559725783.901000023
1559725783.996999979
1559725784.121000051
1559725784.213000059
1559725784.305000067
1559725784.397000074
1559725784.520999908
1559725784.612999916
1559725784.709000111
1559725784.801000118
1559725784.924999952
1559725785.016999960
1559725785.108999968
1559725785.200999975
1559725785.325000048
1559725785.417000055
1559725785.513000011
1559725785.637000084
1559725785.729000092
1559725785.821000099
1559725785.913000107
1559725786.005000114
1559725786.101000071
1559725786.224999905
1559725786.316999912
1559725786.408999920
1559725786.500999928
1559725786.625000000
1559725786.717000008
1559725786.809000015
1559725786.904999971
1559725786.996999979
1559725787.121000051
1559725787.213000059
1559725787.305000067
1559725787.397000074
1559725787.520999908
1559725787.617000103
1559725787.709000111
1559725787.801000118
1559725787.924999952
1559725788.016999960
1559725788.108999968
1559725788.200999975
1559725788.296999931
1559725788.421000004
1559725788.513000011
1559725788.605000019
1559725788.697000027
1559725788.821000099
1559725788.913000107
1559725789.009000063
1559725789.101000071
1559725789.224999905
1559725789.316999912
1559725789.408999920
1559725789.500999928
1559725789.596999884
1559725789.717000008
1559725789.812999964
1559725789.904999971
1559725789.996999979
1559725790.121000051
1559725790.213000059
1559725790.305000067
1559725790.401000023
1559725790.525000095
1559725790.617000103
1559725790.709000111
1559725790.801000118
1559725790.924999952
1559725791.016999960
1559725791.108999968
1559725791.204999924
1559725791.296999931
1559725791.421000004
1559725791.513000011
1559725791.605000019
1559725791.697000027
1559725791.821000099
1559725791.917000055
1559725792.009000063
1559725792.101000071
1559725792.224999905
1559725792.316999912
1559725792.408999920
1559725792.505000114
1559725792.596999884
1559725792.720999956
1559725792.812999964
1559725792.904999971
1559725793.029000044
1559725793.121000051
1559725793.213000059
1559725793.309000015
1559725793.401000023
1559725793.525000095
1559725793.617000103
1559725793.709000111
1559725793.801000118
1559725793.897000074
1559725794.016999960
1559725794.112999916
1559725794.204999924
1559725794.296999931
1559725794.421000004
1559725794.513000011
1559725794.605000019
1559725794.700999975
1559725794.825000048
1559725794.917000055
1559725795.009000063
1559725795.101000071
1559725795.224999905
1559725795.316999912
1559725795.413000107
1559725795.505000114
1559725795.596999884
1559725795.720999956
1559725795.812999964
1559725795.904999971
1559725795.996999979
1559725796.121000051
1559725796.217000008
1559725796.309000015
1559725796.401000023
1559725796.525000095
1559725796.617000103
1559725796.709000111
1559725796.805000067
1559725796.897000074
1559725797.020999908
1559725797.112999916
1559725797.204999924
1559725797.296999931
1559725797.421000004
1559725797.513000011
1559725797.608999968
1559725797.700999975
1559725797.825000048
1559725797.917000055
1559725798.009000063
1559725798.101000071
1559725798.197000027
1559725798.321000099
1559725798.413000107
1559725798.505000114
1559725798.596999884
1559725798.720999956
1559725798.812999964
1559725798.904999971
1559725799.000999928
1559725799.125000000
1559725799.217000008
1559725799.309000015
1559725799.401000023
1559725799.525000095
1559725799.617000103
1559725799.713000059
1559725799.805000067
1559725799.897000074
1559725800.020999908
1559725800.112999916
1559725800.204999924
1559725800.296999931
1559725800.421000004
1559725800.516999960
1559725800.608999968
1559725800.700999975
1559725800.825000048
1559725800.917000055
1559725801.009000063
1559725801.105000019
1559725801.197000027
1559725801.321000099
1559725801.413000107
1559725801.505000114
1559725801.596999884
1559725801.720999956
1559725801.812999964
1559725801.908999920
1559725802.000999928
1559725802.125000000
1559725802.217000008
1559725802.309000015
1559725802.401000023
1559725802.496999979
1559725802.621000051
1559725802.713000059
1559725802.805000067
1559725802.897000074
1559725803.020999908
1559725803.112999916
1559725803.204999924
1559725803.301000118
1559725803.424999952
1559725803.516999960
1559725803.608999968
1559725803.700999975
1559725803.825000048
1559725803.917000055
1559725804.013000011
1559725804.105000019
1559725804.197000027
1559725804.321000099
1559725804.413000107
1559725804.505000114
1559725804.601000071
1559725804.720999956
1559725804.816999912
1559725804.908999920
1559725805.000999928
1559725805.125000000
1559725805.217000008
1559725805.309000015
1559725805.404999971
1559725805.496999979
1559725805.621000051
1559725805.713000059
1559725805.805000067
1559725805.897000074
1559725806.020999908
1559725806.112999916
1559725806.209000111
1559725806.301000118
1559725806.424999952
1559725806.516999960
1559725806.608999968
1559725806.700999975
1559725806.796999931
1559725806.921000004
1559725807.013000011
1559725807.105000019
1559725807.197000027
1559725807.321000099
1559725807.413000107
1559725807.509000063
1559725807.601000071
1559725807.724999905
1559725807.816999912
1559725807.908999920
1559725808.000999928
1559725808.125000000
1559725808.217000008
1559725808.312999964
1559725808.404999971
1559725808.496999979
1559725808.621000051
1559725808.713000059
1559725808.805000067
1559725808.901000023
1559725809.020999908
1559725809.117000103
1559725809.209000111
1559725809.301000118
1559725809.424999952
1559725809.516999960
1559725809.608999968
1559725809.704999924
1559725809.796999931
1559725809.921000004
1559725810.013000011
1559725810.105000019
1559725810.197000027
1559725810.321000099
1559725810.417000055
1559725810.509000063
1559725810.601000071
1559725810.724999905
1559725810.816999912
1559725810.908999920
1559725811.000999928
1559725811.096999884
1559725811.220999956
1559725811.312999964
1559725811.404999971
1559725811.496999979
1559725811.621000051
1559725811.713000059
1559725811.809000015
1559725811.901000023
1559725812.025000095
1559725812.117000103
1559725812.209000111
1559725812.301000118
1559725812.424999952
1559725812.516999960
1559725812.612999916
1559725812.704999924
1559725812.796999931
1559725812.921000004
1559725813.013000011
1559725813.105000019
1559725813.200999975
1559725813.325000048
1559725813.417000055
1559725813.509000063
1559725813.601000071
1559725813.724999905
1559725813.816999912
1559725813.908999920
1559725814.005000114
1559725814.096999884
1559725814.220999956
1559725814.312999964
1559725814.404999971
1559725814.496999979
1559725814.621000051
1559725814.717000008
1559725814.809000015
1559725814.901000023
1559725815.025000095
1559725815.117000103
1559725815.209000111
1559725815.301000118
1559725815.397000074
1559725815.520999908
1559725815.612999916
1559725815.704999924
1559725815.796999931
1559725815.921000004
1559725816.013000011
1559725816.108999968
1559725816.200999975
1559725816.325000048
1559725816.417000055
1559725816.509000063
1559725816.601000071
1559725816.697000027
1559725816.816999912
1559725816.913000107
1559725817.005000114
1559725817.128999949
1559725817.220999956
1559725817.312999964
1559725817.404999971
1559725817.500999928
1559725817.625000000
1559725817.717000008
1559725817.809000015
1559725817.901000023
1559725818.025000095
1559725818.117000103
1559725818.209000111
1559725818.305000067
1559725818.397000074
1559725818.520999908
1559725818.612999916
1559725818.704999924
1559725818.828999996
1559725818.921000004
1559725819.016999960
1559725819.108999968
1559725819.200999975
1559725819.325000048
1559725819.417000055
1559725819.509000063
1559725819.605000019
1559725819.697000027
1559725819.821000099
1559725819.913000107
1559725820.005000114
1559725820.096999884
1559725820.220999956
1559725820.312999964
1559725820.408999920
1559725820.500999928
1559725820.625000000
1559725820.717000008
1559725820.809000015
1559725820.901000023
1559725820.996999979
1559725821.117000103
1559725821.213000059
1559725821.305000067
1559725821.397000074
1559725821.520999908
1559725821.612999916
1559725821.704999924
1559725821.801000118
1559725821.924999952
1559725822.016999960
1559725822.108999968
1559725822.200999975
1559725822.325000048
1559725822.417000055
1559725822.513000011
1559725822.605000019
1559725822.697000027
1559725822.821000099
1559725822.913000107
1559725823.005000114
1559725823.128999949
1559725823.220999956
1559725823.316999912
1559725823.408999920
1559725823.500999928
1559725823.625000000
1559725823.717000008
1559725823.809000015
1559725823.904999971
1559725823.996999979
1559725824.121000051
1559725824.213000059
1559725824.305000067
1559725824.397000074
1559725824.520999908
1559725824.612999916
1559725824.709000111
1559725824.801000118
1559725824.924999952
1559725825.016999960
1559725825.108999968
1559725825.200999975
1559725825.296999931
1559725825.421000004
1559725825.513000011
1559725825.605000019
1559725825.729000092
1559725825.821000099
1559725825.913000107
1559725826.005000114
1559725826.101000071
1559725826.224999905
1559725826.316999912
1559725826.408999920
1559725826.500999928
1559725826.625000000
1559725826.717000008
1559725826.812999964
1559725826.904999971
1559725826.996999979
1559725827.121000051
1559725827.213000059
1559725827.305000067
1559725827.397000074
1559725827.520999908
1559725827.617000103
1559725827.709000111
1559725827.801000118
1559725827.924999952
1559725828.016999960
1559725828.108999968
1559725828.204999924
1559725828.296999931
1559725828.421000004
1559725828.513000011
1559725828.605000019
1559725828.697000027
1559725828.821000099
1559725828.913000107
1559725829.009000063
1559725829.101000071
1559725829.224999905
1559725829.316999912
1559725829.408999920
1559725829.500999928
1559725829.596999884
1559725829.720999956
1559725829.812999964
1559725829.904999971
1559725829.996999979
1559725830.121000051
1559725830.213000059
1559725830.305000067
1559725830.401000023
1559725830.525000095
1559725830.617000103
1559725830.709000111
1559725830.801000118
1559725830.924999952
1559725831.016999960
1559725831.112999916
1559725831.204999924
1559725831.296999931
1559725831.421000004
1559725831.513000011
1559725831.605000019
1559725831.700999975
1559725831.821000099
1559725831.917000055
1559725832.009000063
1559725832.101000071
1559725832.224999905
1559725832.316999912
1559725832.408999920
1559725832.505000114
1559725832.596999884
1559725832.720999956
1559725832.812999964
1559725832.904999971
1559725832.996999979
1559725833.121000051
1559725833.213000059
1559725833.309000015
1559725833.401000023
1559725833.525000095
1559725833.617000103
1559725833.709000111
1559725833.801000118
1559725833.897000074
1559725834.020999908
1559725834.112999916
1559725834.204999924
1559725834.296999931
1559725834.421000004
1559725834.513000011
1559725834.608999968
1559725834.700999975
1559725834.825000048
1559725834.917000055
1559725835.009000063
1559725835.101000071
1559725835.224999905
1559725835.316999912
1559725835.413000107
1559725835.505000114
1559725835.596999884
1559725835.720999956
1559725835.812999964
1559725835.904999971
1559725836.000999928
1559725836.121000051
1559725836.217000008
1559725836.309000015
1559725836.401000023
1559725836.525000095
1559725836.617000103
1559725836.709000111
1559725836.805000067
1559725836.897000074
1559725837.020999908
1559725837.112999916
1559725837.204999924
1559725837.296999931
1559725837.421000004
1559725837.516999960
1559725837.608999968
1559725837.700999975
1559725837.825000048
1559725837.917000055
1559725838.009000063
1559725838.101000071
1559725838.197000027
1559725838.321000099
1559725838.413000107
1559725838.505000114
1559725838.596999884
1559725838.720999956
1559725838.812999964
1559725838.908999920
1559725839.000999928
1559725839.125000000
1559725839.217000008
1559725839.309000015
1559725839.401000023
1559725839.525000095
1559725839.617000103
1559725839.713000059
1559725839.805000067
1559725839.897000074
1559725840.020999908
1559725840.112999916
1559725840.204999924
1559725840.301000118
1559725840.424999952
1559725840.516999960
1559725840.608999968
1559725840.700999975
1559725840.825000048
1559725840.917000055
1559725841.009000063
1559725841.105000019
1559725841.197000027
1559725841.321000099
1559725841.413000107
1559725841.505000114
1559725841.596999884
1559725841.720999956
1559725841.816999912
1559725841.908999920
1559725842.000999928
1559725842.125000000
1559725842.217000008
1559725842.309000015
1559725842.401000023
1559725842.496999979
1559725842.621000051
1559725842.713000059
1559725842.805000067
1559725842.928999901
1559725843.020999908
1559725843.112999916
1559725843.209000111
1559725843.301000118
1559725843.424999952
1559725843.516999960
1559725843.608999968
1559725843.733000040
1559725843.796999931
1559725843.917000055
1559725844.013000011
1559725844.105000019
1559725844.197000027
1559725844.321000099
1559725844.413000107
1559725844.505000114
1559725844.601000071
1559725844.724999905
1559725844.816999912
1559725844.908999920
1559725845.000999928
1559725845.125000000
1559725845.217000008
1559725845.309000015
1559725845.404999971
1559725845.496999979
1559725845.621000051
1559725845.713000059
1559725845.805000067
1559725845.897000074
1559725846.020999908
1559725846.117000103
1559725846.209000111
1559725846.301000118
1559725846.424999952
1559725846.516999960
1559725846.608999968
1559725846.704999924
1559725846.796999931
1559725846.921000004
1559725847.013000011
1559725847.105000019
1559725847.197000027
1559725847.321000099
1559725847.413000107
1559725847.509000063
1559725847.601000071
1559725847.724999905
1559725847.816999912
1559725847.908999920
1559725848.000999928
1559725848.096999884
1559725848.217000008
1559725848.312999964
1559725848.404999971
1559725848.496999979
1559725848.621000051
1559725848.713000059
1559725848.805000067
1559725848.901000023
1559725849.025000095
1559725849.117000103
1559725849.209000111
1559725849.301000118
1559725849.424999952
1559725849.516999960
1559725849.612999916
1559725849.704999924
1559725849.796999931
1559725849.921000004
1559725850.013000011
1559725850.105000019
1559725850.197000027
1559725850.321000099
1559725850.417000055
1559725850.509000063
1559725850.601000071
1559725850.724999905
1559725850.816999912
1559725850.908999920
1559725851.005000114
1559725851.096999884
1559725851.220999956
1559725851.312999964
1559725851.404999971
1559725851.529000044
1559725851.621000051
1559725851.713000059
1559725851.809000015
1559725851.901000023
1559725852.025000095
1559725852.117000103
1559725852.209000111
1559725852.301000118
1559725852.397000074
1559725852.520999908
1559725852.612999916
1559725852.704999924
1559725852.796999931
1559725852.921000004
1559725853.013000011
1559725853.105000019
1559725853.200999975
1559725853.325000048
1559725853.417000055
1559725853.509000063
1559725853.601000071
1559725853.724999905
1559725853.816999912
1559725853.913000107
1559725854.005000114
1559725854.096999884
1559725854.220999956
1559725854.312999964
1559725854.404999971
1559725854.496999979
1559725854.621000051
1559725854.717000008
1559725854.809000015
1559725854.901000023
1559725855.025000095
1559725855.117000103
1559725855.209000111
1559725855.305000067
1559725855.397000074
1559725855.520999908
1559725855.612999916
1559725855.704999924
1559725855.796999931
1559725855.921000004
1559725856.013000011
1559725856.108999968
1559725856.200999975
1559725856.325000048
1559725856.417000055
1559725856.509000063
1559725856.601000071
1559725856.697000027
1559725856.821000099
1559725856.913000107
1559725857.005000114
1559725857.096999884
1559725857.220999956
1559725857.312999964
1559725857.404999971
1559725857.500999928
1559725857.625000000
1559725857.717000008
1559725857.809000015
1559725857.901000023
1559725858.025000095
1559725858.117000103
1559725858.213000059
1559725858.305000067
1559725858.397000074
1559725858.520999908
1559725858.612999916
1559725858.704999924
1559725858.801000118
1559725858.921000004
1559725859.016999960
1559725859.108999968
1559725859.200999975
1559725859.325000048
1559725859.417000055
1559725859.509000063
1559725859.605000019
1559725859.697000027
1559725859.821000099
1559725859.913000107
1559725860.005000114
1559725860.128999949
1559725860.220999956
1559725860.312999964
1559725860.408999920
1559725860.500999928
1559725860.625000000
1559725860.717000008
1559725860.809000015
1559725860.901000023
1559725860.996999979
1559725861.121000051
1559725861.213000059
1559725861.305000067
1559725861.397000074
1559725861.520999908
1559725861.612999916
1559725861.709000111
1559725861.801000118
1559725861.924999952
1559725862.016999960
1559725862.108999968
1559725862.200999975
1559725862.325000048
1559725862.417000055
1559725862.513000011
1559725862.605000019
1559725862.697000027
1559725862.821000099
1559725862.913000107
1559725863.005000114
1559725863.101000071
1559725863.220999956
1559725863.316999912
1559725863.408999920
1559725863.500999928
1559725863.625000000
1559725863.717000008
1559725863.809000015
1559725863.904999971
1559725863.996999979
1559725864.121000051
1559725864.213000059
1559725864.305000067
1559725864.397000074
1559725864.520999908
1559725864.617000103
1559725864.709000111
1559725864.801000118
1559725864.924999952
1559725865.016999960
1559725865.108999968
1559725865.200999975
1559725865.296999931
1559725865.421000004
1559725865.513000011
1559725865.605000019
1559725865.697000027
1559725865.821000099
1559725865.913000107
1559725866.009000063
1559725866.101000071
1559725866.224999905
1559725866.316999912
1559725866.408999920
1559725866.500999928
1559725866.625000000
1559725866.717000008
1559725866.812999964
1559725866.904999971
1559725866.996999979
1559725867.121000051
1559725867.213000059
1559725867.305000067
1559725867.401000023
1559725867.525000095
1559725867.617000103
1559725867.709000111
1559725867.801000118
1559725867.924999952
1559725868.016999960
1559725868.108999968
1559725868.204999924
1559725868.296999931
1559725868.421000004
1559725868.513000011
1559725868.605000019
1559725868.697000027
1559725868.821000099
1559725868.917000055
1559725869.009000063
1559725869.101000071
1559725869.224999905
1559725869.316999912
1559725869.408999920
1559725869.500999928
1559725869.596999884
1559725869.720999956
1559725869.812999964
1559725869.904999971
1559725870.029000044
1559725870.121000051
1559725870.213000059
1559725870.309000015
1559725870.401000023
1559725870.525000095
1559725870.617000103
1559725870.709000111
1559725870.801000118
1559725870.924999952
1559725871.016999960
1559725871.112999916
1559725871.204999924
1559725871.296999931
1559725871.421000004
1559725871.513000011
1559725871.605000019
1559725871.700999975
1559725871.825000048
1559725871.917000055
1559725872.009000063
1559725872.101000071
1559725872.224999905
1559725872.316999912
1559725872.408999920
1559725872.505000114
1559725872.628999949
1559725872.720999956
1559725872.812999964
1559725872.904999971
1559725872.996999979
1559725873.121000051
1559725873.217000008
1559725873.309000015
1559725873.401000023
1559725873.525000095
1559725873.617000103
1559725873.709000111
1559725873.805000067
1559725873.897000074
1559725874.020999908
1559725874.112999916
1559725874.204999924
1559725874.296999931
1559725874.421000004
1559725874.513000011
1559725874.608999968
1559725874.700999975
1559725874.825000048
1559725874.917000055
1559725875.009000063
1559725875.101000071
1559725875.197000027
1559725875.316999912
1559725875.413000107
1559725875.505000114
1559725875.596999884
1559725875.720999956
1559725875.812999964
1559725875.904999971
1559725876.000999928
1559725876.125000000
1559725876.217000008
1559725876.309000015
1559725876.401000023
1559725876.525000095
1559725876.617000103
1559725876.713000059
1559725876.805000067
1559725876.897000074
1559725877.020999908
1559725877.112999916
1559725877.204999924
1559725877.296999931
1559725877.421000004
1559725877.516999960
1559725877.608999968
1559725877.700999975
1559725877.825000048
1559725877.917000055
1559725878.009000063
1559725878.105000019
1559725878.197000027
1559725878.321000099
1559725878.413000107
1559725878.505000114
1559725878.596999884
1559725878.720999956
1559725878.812999964
1559725878.908999920
1559725879.000999928
1559725879.125000000
1559725879.217000008
1559725879.309000015
1559725879.401000023
1559725879.525000095
1559725879.621000051
1559725879.713000059
1559725879.805000067
1559725879.928999901
1559725880.020999908
1559725880.112999916
1559725880.204999924
1559725880.301000118
1559725880.424999952
1559725880.516999960
1559725880.608999968
1559725880.700999975
1559725880.825000048
1559725880.917000055
1559725881.013000011
1559725881.105000019
1559725881.197000027
1559725881.321000099
1559725881.413000107
1559725881.505000114
1559725881.628999949
1559725881.720999956
1559725881.816999912
1559725881.908999920
1559725882.000999928
1559725882.125000000
1559725882.217000008
1559725882.309000015
1559725882.404999971
1559725882.496999979
1559725882.621000051
1559725882.713000059
1559725882.805000067
1559725882.897000074
1559725883.020999908
1559725883.112999916
1559725883.209000111
1559725883.301000118
1559725883.424999952
1559725883.516999960
1559725883.608999968
1559725883.700999975
1559725883.825000048
1559725883.921000004
1559725884.013000011
1559725884.105000019
1559725884.197000027
1559725884.321000099
1559725884.413000107
1559725884.505000114
1559725884.601000071
1559725884.724999905
1559725884.816999912
1559725884.908999920
1559725885.000999928
1559725885.125000000
1559725885.217000008
1559725885.312999964
1559725885.404999971
1559725885.529000044
1559725885.621000051
1559725885.713000059
1559725885.805000067
1559725885.901000023
1559725886.020999908
1559725886.117000103
1559725886.209000111
1559725886.301000118
1559725886.424999952
1559725886.516999960
1559725886.608999968
1559725886.704999924
1559725886.796999931
1559725886.921000004
1559725887.013000011
1559725887.105000019
1559725887.197000027
1559725887.321000099
1559725887.413000107
1559725887.509000063
1559725887.601000071
1559725887.724999905
1559725887.816999912
1559725887.908999920
1559725888.000999928
1559725888.096999884
1559725888.220999956
1559725888.312999964
1559725888.404999971
1559725888.496999979
1559725888.621000051
1559725888.713000059
1559725888.809000015
1559725888.901000023
1559725889.025000095
1559725889.117000103
1559725889.209000111
1559725889.301000118
1559725889.424999952
1559725889.516999960
1559725889.612999916
1559725889.704999924
1559725889.796999931
1559725889.921000004
1559725890.013000011
1559725890.105000019
1559725890.200999975
1559725890.321000099
1559725890.417000055
1559725890.509000063
1559725890.601000071
1559725890.724999905
1559725890.816999912
1559725890.908999920
1559725891.005000114
1559725891.096999884
1559725891.220999956
1559725891.312999964
1559725891.404999971
1559725891.496999979
1559725891.621000051
1559725891.717000008
1559725891.809000015
1559725891.901000023
1559725892.025000095
1559725892.117000103
1559725892.209000111
1559725892.301000118
1559725892.424999952
1559725892.520999908
1559725892.612999916
1559725892.704999924
1559725892.796999931
1559725892.921000004
1559725893.013000011
1559725893.108999968
1559725893.200999975
1559725893.325000048
1559725893.417000055
1559725893.509000063
1559725893.601000071
1559725893.697000027
1559725893.816999912
1559725893.913000107
1559725894.005000114
1559725894.096999884
1559725894.220999956
1559725894.312999964
1559725894.404999971
1559725894.500999928
1559725894.625000000
1559725894.717000008
1559725894.809000015
1559725894.901000023
1559725895.025000095
1559725895.117000103
1559725895.209000111
1559725895.305000067
1559725895.397000074
1559725895.520999908
1559725895.612999916
1559725895.704999924
1559725895.796999931
1559725895.921000004
1559725896.016999960
1559725896.108999968
1559725896.200999975
1559725896.325000048
1559725896.417000055
1559725896.509000063
1559725896.601000071
1559725896.697000027
1559725896.821000099
1559725896.913000107
1559725897.005000114
1559725897.096999884
1559725897.220999956
1559725897.312999964
1559725897.408999920
1559725897.500999928
1559725897.625000000
1559725897.717000008
1559725897.809000015
1559725897.901000023
1559725897.996999979
1559725898.117000103
1559725898.213000059
1559725898.305000067
1559725898.428999901
1559725898.520999908
1559725898.612999916
1559725898.704999924
1559725898.801000118
1559725898.924999952
1559725899.016999960
1559725899.108999968
1559725899.200999975
1559725899.325000048
1559725899.417000055
1559725899.509000063
1559725899.605000019
1559725899.697000027
1559725899.821000099
1559725899.913000107
1559725900.005000114
1559725900.096999884
1559725900.220999956
1559725900.316999912
1559725900.408999920
1559725900.500999928
1559725900.625000000
1559725900.717000008
1559725900.809000015
1559725900.904999971
1559725900.996999979
1559725901.121000051
1559725901.213000059
1559725901.305000067
1559725901.397000074
1559725901.520999908
1559725901.612999916
1559725901.709000111
1559725901.801000118
1559725901.924999952
1559725902.016999960
1559725902.108999968
1559725902.200999975
1559725902.296999931
1559725902.417000055
1559725902.513000011
1559725902.605000019
1559725902.697000027
1559725902.821000099
1559725902.913000107
1559725903.005000114
1559725903.101000071
1559725903.224999905
1559725903.316999912
1559725903.408999920
1559725903.500999928
1559725903.625000000
1559725903.717000008
1559725903.812999964
1559725903.904999971
1559725903.996999979
1559725904.121000051
1559725904.213000059
1559725904.305000067
1559725904.397000074
1559725904.520999908
1559725904.617000103
1559725904.709000111
1559725904.801000118
1559725904.924999952
1559725905.016999960
1559725905.108999968
1559725905.204999924
1559725905.296999931
1559725905.421000004
1559725905.513000011
1559725905.605000019
1559725905.697000027
1559725905.821000099
1559725905.913000107
1559725906.009000063
1559725906.101000071
1559725906.224999905
1559725906.316999912
1559725906.408999920
1559725906.500999928
1559725906.596999884
1559725906.720999956
1559725906.812999964
1559725906.904999971
1559725906.996999979
1559725907.121000051
1559725907.213000059
1559725907.305000067
1559725907.401000023
1559725907.525000095
1559725907.617000103
1559725907.709000111
1559725907.801000118
1559725907.924999952
1559725908.016999960
1559725908.112999916
1559725908.204999924
1559725908.296999931
1559725908.421000004
1559725908.513000011
1559725908.605000019
1559725908.700999975
1559725908.821000099
1559725908.917000055
1559725909.009000063
1559725909.101000071
1559725909.224999905
1559725909.316999912
1559725909.408999920
1559725909.505000114
1559725909.596999884
1559725909.720999956
1559725909.812999964
1559725909.904999971
1559725909.996999979
1559725910.121000051
1559725910.213000059
1559725910.309000015
1559725910.401000023
1559725910.525000095
1559725910.617000103
1559725910.709000111
1559725910.801000118
1559725910.897000074
1559725911.020999908
1559725911.112999916
1559725911.204999924
1559725911.296999931
1559725911.421000004
1559725911.513000011
1559725911.605000019
1559725911.700999975
1559725911.825000048
1559725911.917000055
1559725912.009000063
1559725912.101000071
1559725912.224999905
1559725912.316999912
1559725912.413000107
1559725912.505000114
1559725912.596999884
1559725912.720999956
1559725912.812999964
1559725912.904999971
1559725913.000999928
1559725913.121000051
1559725913.217000008
1559725913.309000015
1559725913.401000023
1559725913.525000095
1559725913.617000103
1559725913.709000111
1559725913.805000067
1559725913.897000074
1559725914.020999908
1559725914.112999916
1559725914.204999924
1559725914.296999931
1559725914.421000004
1559725914.513000011
1559725914.608999968
1559725914.700999975
1559725914.825000048
1559725914.917000055
1559725915.009000063
1559725915.101000071
1559725915.197000027
1559725915.321000099
1559725915.413000107
1559725915.505000114
1559725915.596999884
1559725915.720999956
1559725915.812999964
1559725915.908999920
1559725916.000999928
1559725916.125000000
1559725916.217000008
1559725916.309000015
1559725916.401000023
1559725916.525000095
1559725916.617000103
1559725916.713000059
1559725916.805000067
1559725916.897000074
1559725917.020999908
1559725917.112999916
1559725917.204999924
1559725917.301000118
