1559725660.265919000 -0.013018 0.000701 0.093180 0.000020 0.003512 -0.000101 0.999994
1559725660.366781000 -0.001465 0.001159 0.190280 -0.000021 0.005662 -0.000062 0.999984
1559725660.467615000 0.008883 0.001473 0.291303 -0.000082 0.008156 0.000071 0.999967
1559725660.568476000 0.011148 0.001567 0.404720 -0.000157 0.010372 0.000252 0.999946
1559725660.669329000 0.038548 0.001733 0.506350 -0.000233 0.011293 0.000429 0.999936
1559725660.770198000 0.011312 0.004222 0.681181 -0.001781 0.007910 0.001190 0.999966
1559725660.871047000 -0.002053 0.004437 0.777222 -0.001864 0.004382 0.001345 0.999988
1559725660.971941000 0.000589 0.004505 0.872444 -0.001932 0.002201 0.001503 0.999995
1559725661.072764000 -0.010513 0.004397 0.970378 -0.001970 -0.003509 0.001636 0.999991
1559725661.173583000 -0.046093 -0.011041 1.178259 -0.001359 -0.004252 0.000091 0.999990
1559725661.274479000 -0.031410 -0.016577 1.312587 -0.000887 -0.008484 0.000425 0.999964
1559725661.375335000 -0.053190 -0.021619 1.452759 -0.000273 -0.009981 0.000603 0.999950
1559725661.476139000 -0.040966 -0.025865 1.606293 0.000332 -0.017317 0.000773 0.999850
1559725661.577027000 -0.050169 -0.006513 1.715429 0.001770 -0.020036 -0.001414 0.999797
1559725661.677879000 -0.053884 -0.010707 1.813147 0.002153 -0.025395 -0.001089 0.999675
1559725661.778763000 -0.055569 -0.015177 1.951277 0.002519 -0.027364 -0.000819 0.999622
1559725661.879632000 -0.059127 -0.019413 2.047642 0.002816 -0.028540 -0.000611 0.999589
1559725661.980464000 -0.015002 -0.032508 2.196887 -0.000604 -0.025069 -0.001508 0.999684
1559725662.081300000 -0.043294 -0.036384 2.313558 -0.000406 -0.026626 -0.001307 0.999645
1559725662.182158000 -0.037491 -0.040185 2.462803 -0.000171 -0.026268 -0.001102 0.999654
1559725662.283014000 -0.070039 -0.043610 2.569033 0.000035 -0.026350 -0.000868 0.999652
1559725662.383927000 -0.076057 -0.041434 2.642969 -0.000894 -0.023877 -0.002689 0.999711
1559725662.484718000 -0.070659 -0.044720 2.805192 -0.000750 -0.025181 -0.002508 0.999679
1559725662.585549000 -0.094076 -0.047819 2.899390 -0.000573 -0.024092 -0.002427 0.999707
1559725662.686451000 -0.089657 -0.050650 3.021539 -0.000404 -0.023803 -0.002348 0.999714
1559725662.787287000 -0.082030 -0.053468 3.142250 -0.000297 -0.023617 -0.002268 0.999718
1559725662.888142000 -0.096033 -0.076140 3.296526 -0.001386 -0.023133 -0.003355 0.999726
1559725662.989012000 -0.094135 -0.079017 3.420472 -0.001255 -0.022201 -0.003288 0.999747
1559725663.089859000 -0.092406 -0.081804 3.551192 -0.001027 -0.020749 -0.003274 0.999779
1559725663.190711000 -0.087423 -0.084488 3.668533 -0.000800 -0.020598 -0.003251 0.999782
1559725663.291563000 -0.115667 -0.080142 3.806129 -0.001017 -0.023835 -0.004123 0.999707
1559725663.392467000 -0.123425 -0.082608 3.927873 -0.000950 -0.025154 -0.004052 0.999675
1559725663.493273000 -0.106254 -0.085373 4.054497 -0.000878 -0.026298 -0.003998 0.999646
1559725663.594146000 -0.111410 -0.072614 4.208444 -0.001755 -0.023602 -0.004070 0.999712
1559725663.694996000 -0.114922 -0.074994 4.310032 -0.001666 -0.023195 -0.004096 0.999721
1559725663.795815000 -0.125487 -0.077136 4.425526 -0.001718 -0.027221 -0.004071 0.999620
1559725663.896713000 -0.149673 -0.079131 4.527922 -0.001823 -0.029486 -0.004009 0.999556
1559725663.997559000 -0.153333 -0.075159 4.707180 -0.003121 -0.028139 -0.004053 0.999591
1559725664.098499000 -0.156284 -0.076804 4.830616 -0.003139 -0.029625 -0.004029 0.999548
1559725664.199259000 -0.151259 -0.078608 4.955130 -0.003133 -0.032497 -0.004012 0.999459
1559725664.300145000 -0.146350 -0.080428 5.080415 -0.003157 -0.034981 -0.003976 0.999375
1559725664.400992000 -0.182910 -0.097017 5.215170 -0.002789 -0.029189 -0.004196 0.999561
1559725664.501839000 -0.186027 -0.098828 5.318829 -0.002948 -0.032332 -0.004029 0.999465
1559725664.602675000 -0.200343 -0.100052 5.425037 -0.003046 -0.034068 -0.003869 0.999407
1559725664.703542000 -0.203089 -0.101623 5.527732 -0.003029 -0.033726 -0.003763 0.999419
1559725664.804389000 -0.235858 -0.082391 5.658893 -0.003129 -0.030437 -0.003609 0.999525
1559725664.905242000 -0.213234 -0.084545 5.733206 -0.003251 -0.032580 -0.003453 0.999458
1559725665.006124000 -0.238816 -0.085320 5.868346 -0.003451 -0.034075 -0.003241 0.999408
1559725665.107034000 -0.237791 -0.086059 6.000234 -0.003553 -0.032466 -0.003068 0.999462
1559725665.207821000 -0.235883 -0.087340 6.112573 -0.003617 -0.031320 -0.002957 0.999499
1559725665.308666000 -0.196354 -0.084189 6.284517 -0.005168 -0.024846 -0.003629 0.999671
1559725665.409526000 -0.210201 -0.085336 6.353516 -0.005574 -0.029902 -0.003539 0.999531
1559725665.510432000 -0.219214 -0.085561 6.444202 -0.005934 -0.032555 -0.003502 0.999446
1559725665.611250000 -0.214736 -0.085217 6.585912 -0.006105 -0.031612 -0.003518 0.999475
1559725665.712090000 -0.220489 -0.099404 6.807963 -0.008326 -0.030865 -0.004271 0.999480
1559725665.812943000 -0.223468 -0.100363 6.889634 -0.008500 -0.036597 -0.004183 0.999285
1559725665.913817000 -0.239995 -0.099892 7.023590 -0.008723 -0.039154 -0.004116 0.999187
1559725666.014646000 -0.258916 -0.098934 7.147986 -0.008865 -0.041140 -0.004132 0.999106
1559725666.115509000 -0.251081 -0.112786 7.268454 -0.007958 -0.036465 -0.004675 0.999292
1559725666.216367000 -0.255335 -0.112995 7.383568 -0.007957 -0.036568 -0.004840 0.999288
1559725666.317271000 -0.275480 -0.113270 7.481065 -0.007984 -0.034784 -0.004952 0.999351
1559725666.418097000 -0.294799 -0.136648 7.635083 -0.006451 -0.022603 -0.005744 0.999707
1559725666.518989000 -0.290982 -0.137262 7.747488 -0.006514 -0.019596 -0.005760 0.999770
1559725666.619796000 -0.277958 -0.138384 7.849076 -0.006604 -0.017587 -0.005787 0.999807
1559725666.720666000 -0.262735 -0.139287 7.963885 -0.006702 -0.015483 -0.005827 0.999841
1559725666.821494000 -0.264612 -0.134887 8.077520 -0.008152 -0.010629 -0.005839 0.999893
1559725666.922348000 -0.289460 -0.134615 8.193839 -0.008115 -0.007247 -0.005880 0.999924
1559725667.023204000 -0.263564 -0.135941 8.308265 -0.008122 -0.003564 -0.005903 0.999943
1559725667.124072000 -0.247265 -0.137199 8.411050 -0.008296 -0.005193 -0.005944 0.999934
1559725667.224897000 -0.255791 -0.154630 8.537995 -0.008424 -0.002026 -0.005559 0.999947
1559725667.325766000 -0.265074 -0.154315 8.638639 -0.008494 -0.000493 -0.005555 0.999948
1559725667.426619000 -0.246216 -0.153836 8.766468 -0.008430 0.003026 -0.005553 0.999944
1559725667.527486000 -0.229923 -0.154458 8.865685 -0.008405 0.002771 -0.005480 0.999946
1559725667.628335000 -0.262068 -0.133584 9.020971 -0.007023 0.008064 -0.004416 0.999933
1559725667.729192000 -0.270141 -0.133947 9.134518 -0.007110 0.007191 -0.004391 0.999939
1559725667.830054000 -0.266306 -0.134280 9.240611 -0.007099 0.006109 -0.004449 0.999946
1559725667.930896000 -0.255297 -0.134818 9.354844 -0.007011 0.005813 -0.004549 0.999948
1559725668.031752000 -0.256833 -0.135592 9.458420 -0.006918 0.004513 -0.004539 0.999956
1559725668.132652000 -0.263581 -0.138466 9.535696 -0.006262 0.000441 -0.005426 0.999966
1559725668.233460000 -0.262239 -0.139573 9.633546 -0.006246 0.000733 -0.005267 0.999966
1559725668.334286000 -0.255401 -0.140399 9.749174 -0.006263 -0.000850 -0.005151 0.999967
1559725668.435220000 -0.252081 -0.134666 9.825133 -0.007482 -0.003679 -0.003783 0.999958
1559725668.536031000 -0.232743 -0.135452 9.919451 -0.007351 -0.002398 -0.004014 0.999962
1559725668.636864000 -0.233848 -0.136808 10.002898 -0.007184 -0.000362 -0.004174 0.999965
1559725668.737750000 -0.206822 -0.138562 10.087930 -0.007061 0.001464 -0.004191 0.999965
1559725668.838598000 -0.265564 -0.149497 10.202266 -0.004483 0.000551 -0.005746 0.999973
1559725668.939461000 -0.269242 -0.151716 10.276151 -0.004857 0.005231 -0.005632 0.999959
1559725669.040333000 -0.203550 -0.156958 10.288898 -0.007926 -0.007321 -0.004914 0.999930
1559725669.141180000 -0.200995 -0.160932 10.300194 -0.011618 -0.026226 -0.003714 0.999582
1559725669.242047000 -0.259836 -0.164489 10.317516 -0.014928 -0.041692 -0.002638 0.999016
1559725669.342880000 -0.268620 -0.133243 10.450307 -0.043399 -0.035389 -0.000345 0.998431
1559725669.443692000 -0.292089 -0.134846 10.532943 -0.037890 -0.026413 -0.000915 0.998932
1559725669.544587000 -0.273730 -0.087105 10.673672 -0.033693 -0.012492 -0.006025 0.999336
1559725669.645436000 -0.204080 -0.070217 10.774434 -0.041895 -0.010670 -0.006230 0.999046
1559725669.746263000 -0.168670 -0.148202 11.046498 -0.013190 0.006010 -0.005188 0.999881
1559725669.847147000 -0.193705 -0.177005 11.152139 -0.016483 0.003659 -0.002218 0.999855
1559725669.948004000 -0.224344 -0.141538 11.253828 0.000965 0.009096 -0.007199 0.999932
1559725670.048860000 -0.210477 -0.131514 11.280288 0.032836 0.020305 -0.022218 0.999007
1559725670.149711000 -0.181796 -0.097929 11.365509 0.042921 0.020755 -0.026122 0.998521
1559725670.250579000 -0.172580 -0.108105 11.422610 0.031407 0.012729 -0.020684 0.999212
1559725670.351427000 -0.218461 -0.114108 11.464674 0.019902 0.009605 -0.015023 0.999643
1559725670.452251000 -0.239821 -0.121298 11.526325 0.008501 0.013229 -0.009451 0.999832
1559725670.553175000 -0.192302 -0.135526 11.598720 -0.026725 0.011125 0.007115 0.999556
1559725670.654036000 -0.175523 -0.140987 11.682906 -0.035998 0.009121 0.011461 0.999245
1559725670.754841000 -0.164152 -0.104480 11.811908 -0.031318 0.018913 0.008566 0.999294
1559725670.855739000 -0.152093 -0.069368 11.940734 -0.026895 0.028107 0.005764 0.999226
1559725670.956552000 -0.148448 -0.098362 12.098254 0.006334 0.023660 -0.018291 0.999533
1559725671.057411000 -0.135935 -0.139481 12.188971 0.001676 0.014986 -0.014454 0.999782
1559725671.158270000 -0.140749 -0.151037 12.291271 0.004007 0.014244 -0.014240 0.999789
1559725671.259114000 -0.143573 -0.145466 12.419946 0.008302 0.015940 -0.015897 0.999712
1559725671.359967000 -0.191312 -0.173626 12.428056 -0.002869 -0.004717 -0.008548 0.999948
1559725671.460837000 -0.200794 -0.165899 12.522320 0.000538 -0.014615 -0.009872 0.999844
1559725671.561896000 -0.214840 -0.204987 12.585204 -0.002503 -0.026103 -0.007324 0.999629
1559725671.662575000 -0.256939 -0.206876 12.702341 -0.012520 -0.032811 -0.004319 0.999374
1559725671.763396000 -0.285777 -0.205498 12.816197 -0.008736 -0.032738 -0.005025 0.999413
1559725671.864222000 -0.285559 -0.204536 12.921268 -0.005216 -0.033109 -0.005692 0.999422
1559725671.965094000 -0.309273 -0.204031 13.023412 -0.002168 -0.038192 -0.006152 0.999249
1559725672.065976000 -0.299139 -0.232972 13.074907 -0.004277 -0.043705 -0.004238 0.999026
1559725672.166808000 -0.276860 -0.196369 13.192430 -0.016175 -0.044279 -0.002275 0.998886
1559725672.267658000 -0.283635 -0.195568 13.308951 -0.013485 -0.042391 -0.002624 0.999007
1559725672.368525000 -0.295531 -0.195000 13.398911 -0.010993 -0.044157 -0.002904 0.998960
1559725672.469374000 -0.342486 -0.148362 13.471135 -0.007859 -0.051123 -0.006020 0.998643
1559725672.570250000 -0.368040 -0.149926 13.554990 -0.005895 -0.051138 -0.006027 0.998656
1559725672.671085000 -0.394354 -0.152097 13.639418 -0.003812 -0.045455 -0.006111 0.998940
1559725672.771936000 -0.372539 -0.154514 13.734806 -0.001619 -0.037616 -0.006328 0.999271
1559725672.872790000 -0.371247 -0.156581 13.847239 0.000428 -0.030933 -0.006565 0.999500
1559725672.973619000 -0.281932 -0.161310 14.023435 -0.004482 -0.016828 -0.007077 0.999823
1559725673.074510000 -0.268813 -0.163966 14.106830 -0.002795 -0.008724 -0.007126 0.999933
1559725673.175386000 -0.263158 -0.166814 14.214354 -0.001034 0.002799 -0.007137 0.999970
1559725673.276219000 -0.262619 -0.169541 14.281278 0.000765 0.014441 -0.007162 0.999870
1559725673.377068000 -0.231175 -0.147983 14.292455 -0.005954 0.023208 -0.004944 0.999701
1559725673.478030000 -0.182795 -0.149688 14.390525 -0.004470 0.031156 -0.005101 0.999492
1559725673.578789000 -0.183287 -0.151911 14.480531 -0.003084 0.041077 -0.005260 0.999137
1559725673.679619000 -0.178235 -0.154784 14.528940 -0.001674 0.051333 -0.005431 0.998665
1559725673.780506000 -0.126870 -0.158054 14.580647 -0.006345 0.063768 -0.005877 0.997927
1559725673.881352000 -0.087494 -0.160295 14.652292 -0.004921 0.076903 -0.006059 0.997008
1559725673.982201000 -0.082479 -0.162125 14.724084 -0.003670 0.084671 -0.006087 0.996384
1559725674.083053000 -0.090805 -0.137990 14.803796 -0.005555 0.095906 -0.005037 0.995362
1559725674.183933000 -0.054487 -0.140297 14.849602 -0.004364 0.107632 -0.005133 0.994168
1559725674.284775000 -0.056164 -0.142309 14.881703 -0.003153 0.117761 -0.005341 0.993023
1559725674.385623000 -0.064025 -0.144362 14.891802 -0.002024 0.127144 -0.005571 0.991867
1559725674.486497000 -0.081433 -0.146268 14.899840 -0.001087 0.134631 -0.005686 0.990879
1559725674.587359000 -0.114023 -0.148832 14.913079 -0.002374 0.130071 -0.006547 0.991480
1559725674.688182000 -0.132021 -0.150728 14.923087 -0.001632 0.131984 -0.006521 0.991229
1559725674.789031000 -0.126292 -0.152577 14.932565 -0.000852 0.134406 -0.006542 0.990904
1559725674.889889000 -0.052607 -0.158920 14.931598 -0.005189 0.128335 -0.005189 0.991704
1559725674.990771000 -0.068727 -0.160498 14.932646 -0.004626 0.126322 -0.005122 0.991965
1559725675.091570000 -0.076810 -0.162076 14.934196 -0.004147 0.125396 -0.005029 0.992085
1559725675.192456000 -0.087812 -0.163683 14.933218 -0.003655 0.125428 -0.004965 0.992084
1559725675.293350000 -0.086762 -0.154878 14.889377 -0.007878 0.125017 -0.004507 0.992113
1559725675.394165000 -0.099491 -0.156054 14.894444 -0.007392 0.125281 -0.004476 0.992084
1559725675.495062000 -0.114130 -0.157251 14.885249 -0.007028 0.124086 -0.004381 0.992237
1559725675.595915000 -0.125355 -0.158076 14.893234 -0.006731 0.125403 -0.004301 0.992074
1559725675.696747000 -0.111038 -0.158790 14.919436 -0.006424 0.128204 -0.004238 0.991718
1559725675.797644000 -0.034942 -0.149699 14.943707 -0.009788 0.136566 -0.003701 0.990576
1559725675.898457000 -0.026569 -0.149854 14.983136 -0.009412 0.145802 -0.003696 0.989262
